1688
1688
744
744
978
945
687
813
1269
627
1712
1490
443
747
898
183
490
522
945
124
504
1530
1756
526
1755
1366
353
709
1137
792
1059
1517
1130
588
1461
761
1469
92
1192
1224
627
354
354
1935
875
1192
1192
92
518
141
382
846
1720
1257
553
588
1461
761
1517
1517
1126
1011
1863
1360
1400
1400
902
1000
1000
208
1140
1816
1437
1437
1265
489
713
1905
1157
1820
1820
1317
1317
1317
1213
1213
1820
1820
9
664
1369
1369
1369
1369
1369
1369
1369
1369
1241
1241
1401
940
367
203
1070
1070
1589
1817
1371
1638
1638
1316
1791
1638
1458
354
171
1192
1146
105
1866
