124
1688
945
744
978
978
813
687
687
1269
1224
627
354
354
1935
354
354
354
354
875
1192
382
1192
354
171
1146
846
1720
141
518
92
105
1469
1257
1126
1011
761
1461
588
553
1360
1360
1360
1400
1400
1400
1400
208
1863
1863
1863
1863
1863
902
1000
940
1401
1369
1241
367
203
664
1070
1589
1589
1317
1213
1820
1820
9
1817
1791
1791
1791
1791
1316
1371
1157
446
1157
1458
1638
1905
713
713
1437
489
489
1265
1816
1140
1130
1517
657
1059
792
1137
709
1366
1755
1866
747
898
1712
183
1490
443
522
522
490
490
504
1530
1756
1756
526
526
1410
